WP_002725873.1	lcl|NZ_JAGGCL010000004.1_cds_WP_000340715.1_782	93.902	82	106
WP_011669917.1	lcl|NZ_JAGGCL010000004.1_cds_WP_000410273.1_783	92.903	310	318
WP_011669917.1	lcl|NZ_JAGGCL010000004.1_cds_WP_000093099.1_803	58.730	63	318
WP_011669917.1	lcl|NZ_JAGGCL010000004.1_cds_WP_000646250.1_786	28.112	249	318
WP_011669917.1	lcl|NZ_JAGGCL010000008.1_cds_WP_000744700.1_1390	23.148	324	318
WP_011669917.1	lcl|NZ_JAGGCL010000004.1_cds_WP_000600889.1_812	23.273	275	318
WP_011669917.1	lcl|NZ_JAGGCL010000004.1_cds_WP_000723090.1_865	23.875	289	318
WP_011669917.1	lcl|NZ_JAGGCL010000004.1_cds_WP_001067557.1_789	23.708	329	318
WP_011669918.1	lcl|NZ_JAGGCL010000004.1_cds_WP_000202830.1_822	42.776	353	361
WP_011669919.1	lcl|NZ_JAGGCL010000004.1_cds_WP_000282880.1_861	37.903	124	220
WP_011669919.1	lcl|NZ_JAGGCL010000006.1_cds_WP_001099029.1_1184	27.803	223	220
WP_011669919.1	lcl|NZ_JAGGCL010000004.1_cds_WP_001068986.1_840	31.522	92	220
WP_011669919.1	lcl|NZ_JAGGCL010000038.1_cds_WP_000840858.1_3233	29.808	104	220
WP_011669919.1	lcl|NZ_JAGGCL010000019.1_cds_WP_000868621.1_2402	29.670	91	220
WP_011669919.1	lcl|NZ_JAGGCL010000016.1_cds_WP_000262844.1_2222	25.121	207	220
WP_011669919.1	lcl|NZ_JAGGCL010000004.1_cds_WP_001114267.1_868	26.136	176	220
WP_020780109.1	lcl|NZ_JAGGCL010000004.1_cds_WP_001230564.1_815	36.873	339	354
WP_020780109.1	lcl|NZ_JAGGCL010000004.1_cds_WP_000582618.1_819	34.663	326	354
WP_020780109.1	lcl|NZ_JAGGCL010000022.1_cds_WP_001011675.1_2631	34.237	295	354
WP_020780109.1	lcl|NZ_JAGGCL010000004.1_cds_WP_001230564.1_815	36.873	339	354
WP_020780109.1	lcl|NZ_JAGGCL010000004.1_cds_WP_000582618.1_819	34.663	326	354
WP_020780109.1	lcl|NZ_JAGGCL010000022.1_cds_WP_001011675.1_2631	34.237	295	354
WP_011669921.1	lcl|NZ_JAGGCL010000016.1_cds_WP_001014594.1_2182	29.577	213	230
WP_011669921.1	lcl|NZ_JAGGCL010000005.1_cds_WP_000721859.1_945	32.743	113	230
WP_011669922.1	lcl|NZ_JAGGCL010000004.1_cds_WP_000698820.1_825	41.857	614	599
WP_011669923.1	lcl|NZ_JAGGCL010000004.1_cds_WP_000582222.1_801	37.805	246	387
WP_011669923.1	lcl|NZ_JAGGCL010000026.1_cds_WP_001281953.1_2783	31.989	372	387
WP_011669923.1	lcl|NZ_JAGGCL010000004.1_cds_WP_000608295.1_791	33.898	236	387
WP_011669923.1	lcl|NZ_JAGGCL010000004.1_cds_WP_000947844.1_813	32.700	263	387
WP_011669923.1	lcl|NZ_JAGGCL010000004.1_cds_WP_001198107.1_790	37.864	206	387
WP_011669923.1	lcl|NZ_JAGGCL010000004.1_cds_WP_000346036.1_820	26.944	360	387
WP_011669923.1	lcl|NZ_JAGGCL010000004.1_cds_WP_000575178.1_859	28.269	283	387
WP_011669923.1	lcl|NZ_JAGGCL010000005.1_cds_WP_000538752.1_963	26.168	321	387
WP_011669923.1	lcl|NZ_JAGGCL010000014.1_cds_WP_001982414.1_2063	24.895	237	387
WP_011669924.1	lcl|NZ_JAGGCL010000004.1_cds_WP_000698820.1_825	27.316	626	583
WP_020780103.1	lcl|NZ_JAGGCL010000012.1_cds_WP_000613386.1_1862	24.841	157	572
WP_020780103.1	lcl|NZ_JAGGCL010000005.1_cds_WP_000721859.1_945	32.479	117	572
WP_020780103.1	lcl|NZ_JAGGCL010000012.1_cds_WP_000613386.1_1862	24.841	157	572
WP_020780103.1	lcl|NZ_JAGGCL010000005.1_cds_WP_000721859.1_945	32.479	117	572
WP_011669926.1	lcl|NZ_JAGGCL010000026.1_cds_WP_001281953.1_2783	29.969	327	417
WP_011669926.1	lcl|NZ_JAGGCL010000004.1_cds_WP_001198107.1_790	36.667	270	417
WP_011669926.1	lcl|NZ_JAGGCL010000004.1_cds_WP_000575178.1_859	34.749	259	417
WP_011669926.1	lcl|NZ_JAGGCL010000004.1_cds_WP_000608295.1_791	33.219	292	417
WP_011669926.1	lcl|NZ_JAGGCL010000004.1_cds_WP_000346036.1_820	29.367	395	417
WP_011669926.1	lcl|NZ_JAGGCL010000004.1_cds_WP_000582222.1_801	37.850	214	417
WP_011669926.1	lcl|NZ_JAGGCL010000004.1_cds_WP_000947844.1_813	28.044	271	417
WP_011669926.1	lcl|NZ_JAGGCL010000005.1_cds_WP_000538752.1_963	25.130	386	417
WP_011669926.1	lcl|NZ_JAGGCL010000014.1_cds_WP_001982414.1_2063	24.686	239	417
WP_020780101.1	lcl|NZ_JAGGCL010000032.1_cds_WP_000870126.1_3033	25.503	149	342
WP_020780101.1	lcl|NZ_JAGGCL010000032.1_cds_WP_000870126.1_3033	25.503	149	342
WP_011669928.1	lcl|NZ_JAGGCL010000012.1_cds_WP_000613386.1_1862	22.308	130	362
WP_011669928.1	lcl|NZ_JAGGCL010000012.1_cds_WP_000613386.1_1862	22.308	130	362
WP_004779589.1	lcl|NZ_JAGGCL010000001.1_cds_WP_000012765.1_253	30.833	120	210
WP_004779550.1	lcl|NZ_JAGGCL010000004.1_cds_WP_000517242.1_798	32.941	85	244
WP_004779595.1	lcl|NZ_JAGGCL010000016.1_cds_WP_001014594.1_2182	31.100	209	242
WP_004779595.1	lcl|NZ_JAGGCL010000004.1_cds_WP_000848239.1_830	31.092	119	242
WP_011669930.1	lcl|NZ_JAGGCL010000008.1_cds_WP_000998676.1_1364	31.474	251	255
WP_011669930.1	lcl|NZ_JAGGCL010000001.1_cds_WP_000566240.1_73	34.884	172	255
WP_011669930.1	lcl|NZ_JAGGCL010000024.1_cds_WP_000043153.1_2685	26.038	265	255
WP_011669930.1	lcl|NZ_JAGGCL010000001.1_cds_WP_001968389.1_45	27.757	263	255
WP_011669930.1	lcl|NZ_JAGGCL010000039.1_cds_WP_000653653.1_3248	27.481	262	255
WP_011669930.1	lcl|NZ_JAGGCL010000002.1_cds_WP_000351752.1_306	24.164	269	255
WP_011669930.1	lcl|NZ_JAGGCL010000010.1_cds_WP_000646914.1_1627	27.568	185	255
WP_011669930.1	lcl|NZ_JAGGCL010000001.1_cds_WP_001069860.1_110	26.220	164	255
WP_011669930.1	lcl|NZ_JAGGCL010000004.1_cds_WP_000723090.1_865	27.861	201	255
WP_011669930.1	lcl|NZ_JAGGCL010000001.1_cds_WP_000800040.1_116	27.320	194	255
WP_011669930.1	lcl|NZ_JAGGCL010000001.1_cds_WP_000093663.1_196	23.000	200	255
WP_011669930.1	lcl|NZ_JAGGCL010000006.1_cds_J6375_RS05620_1134	23.394	218	255
WP_011669930.1	lcl|NZ_JAGGCL010000008.1_cds_WP_000744700.1_1390	33.333	72	255
WP_011669930.1	lcl|NZ_JAGGCL010000015.1_cds_WP_001074690.1_2120	24.352	193	255
WP_011669931.1	lcl|NZ_JAGGCL010000003.1_cds_WP_002185292.1_567	29.091	330	314
WP_004779598.1	lcl|NZ_JAGGCL010000004.1_cds_WP_001230564.1_815	36.957	276	282
WP_004779598.1	lcl|NZ_JAGGCL010000022.1_cds_WP_001011675.1_2631	37.979	287	282
WP_004779598.1	lcl|NZ_JAGGCL010000004.1_cds_WP_000582618.1_819	32.721	272	282
WP_011669932.1	lcl|NZ_JAGGCL010000026.1_cds_WP_001281953.1_2783	38.155	401	401
WP_011669932.1	lcl|NZ_JAGGCL010000004.1_cds_WP_000582222.1_801	33.245	376	401
WP_011669932.1	lcl|NZ_JAGGCL010000004.1_cds_WP_000608295.1_791	31.989	372	401
WP_011669932.1	lcl|NZ_JAGGCL010000004.1_cds_WP_000575178.1_859	28.455	369	401
WP_011669932.1	lcl|NZ_JAGGCL010000004.1_cds_WP_001198107.1_790	30.769	390	401
WP_011669932.1	lcl|NZ_JAGGCL010000004.1_cds_WP_000947844.1_813	27.586	377	401
WP_011669932.1	lcl|NZ_JAGGCL010000004.1_cds_WP_000346036.1_820	26.509	381	401
WP_011669932.1	lcl|NZ_JAGGCL010000014.1_cds_WP_001982414.1_2063	24.490	392	401
WP_011669932.1	lcl|NZ_JAGGCL010000005.1_cds_WP_000538752.1_963	27.297	381	401
WP_011669933.1	lcl|NZ_JAGGCL010000005.1_cds_WP_000172202.1_1031	30.769	364	568
WP_011669933.1	lcl|NZ_JAGGCL010000004.1_cds_WP_000834715.1_806	26.866	402	568
WP_011669933.1	lcl|NZ_JAGGCL010000005.1_cds_WP_000667646.1_988	32.051	234	568
WP_011669933.1	lcl|NZ_JAGGCL010000041.1_cds_WP_000828455.1_3326	32.212	208	568
WP_011669933.1	lcl|NZ_JAGGCL010000005.1_cds_WP_000942282.1_1045	33.663	202	568
WP_011669933.1	lcl|NZ_JAGGCL010000002.1_cds_WP_000666552.1_488	31.351	185	568
WP_011669933.1	lcl|NZ_JAGGCL010000012.1_cds_WP_001161019.1_1825	30.570	193	568
WP_011669933.1	lcl|NZ_JAGGCL010000004.1_cds_WP_208838995.1_908	30.769	195	568
WP_011669933.1	lcl|NZ_JAGGCL010000018.1_cds_WP_000047473.1_2355	33.505	194	568
WP_011669933.1	lcl|NZ_JAGGCL010000007.1_cds_WP_000510777.1_1278	29.949	197	568
WP_011669933.1	lcl|NZ_JAGGCL010000006.1_cds_WP_000184524.1_1196	31.606	193	568
WP_011669933.1	lcl|NZ_JAGGCL010000037.1_cds_WP_000536762.1_3204	32.484	157	568
WP_011669933.1	lcl|NZ_JAGGCL010000046.1_cds_WP_000619175.1_3421	29.897	194	568
WP_011669933.1	lcl|NZ_JAGGCL010000017.1_cds_WP_001052498.1_2256	29.213	178	568
WP_011669933.1	lcl|NZ_JAGGCL010000022.1_cds_WP_001049205.1_2597	31.720	186	568
WP_011669933.1	lcl|NZ_JAGGCL010000022.1_cds_WP_001049205.1_2597	27.315	216	568
WP_011669933.1	lcl|NZ_JAGGCL010000002.1_cds_WP_000433117.1_541	28.108	185	568
WP_011669933.1	lcl|NZ_JAGGCL010000039.1_cds_WP_000603361.1_3258	31.481	162	568
WP_011669933.1	lcl|NZ_JAGGCL010000010.1_cds_WP_000052667.1_1585	27.638	199	568
WP_011669933.1	lcl|NZ_JAGGCL010000032.1_cds_WP_000590867.1_3025	26.804	194	568
WP_011669933.1	lcl|NZ_JAGGCL010000032.1_cds_WP_000590867.1_3025	24.176	182	568
WP_011669933.1	lcl|NZ_JAGGCL010000046.1_cds_WP_000218838.1_3420	30.455	220	568
WP_011669933.1	lcl|NZ_JAGGCL010000067.1_cds_WP_000054169.1_3710	29.897	194	568
WP_011669933.1	lcl|NZ_JAGGCL010000005.1_cds_WP_000626143.1_1026	27.570	214	568
WP_011669933.1	lcl|NZ_JAGGCL010000005.1_cds_WP_000626143.1_1026	25.381	197	568
WP_011669933.1	lcl|NZ_JAGGCL010000030.1_cds_WP_001982953.1_2946	25.907	193	568
WP_011669933.1	lcl|NZ_JAGGCL010000002.1_cds_WP_001089500.1_508	28.293	205	568
WP_011669933.1	lcl|NZ_JAGGCL010000003.1_cds_WP_000598571.1_710	26.061	165	568
WP_011669933.1	lcl|NZ_JAGGCL010000005.1_cds_WP_000136057.1_939	27.604	192	568
WP_011669933.1	lcl|NZ_JAGGCL010000047.1_cds_WP_002167151.1_3439	24.631	203	568
WP_011669933.1	lcl|NZ_JAGGCL010000050.1_cds_WP_000431145.1_3495	25.551	227	568
WP_011669933.1	lcl|NZ_JAGGCL010000056.1_cds_WP_001141158.1_3598	22.167	203	568
WP_011669933.1	lcl|NZ_JAGGCL010000005.1_cds_WP_000172202.1_1031	30.769	364	568
WP_011669933.1	lcl|NZ_JAGGCL010000004.1_cds_WP_000834715.1_806	26.866	402	568
WP_011669933.1	lcl|NZ_JAGGCL010000005.1_cds_WP_000667646.1_988	32.051	234	568
WP_011669933.1	lcl|NZ_JAGGCL010000041.1_cds_WP_000828455.1_3326	32.212	208	568
WP_011669933.1	lcl|NZ_JAGGCL010000005.1_cds_WP_000942282.1_1045	33.663	202	568
WP_011669933.1	lcl|NZ_JAGGCL010000002.1_cds_WP_000666552.1_488	31.351	185	568
WP_011669933.1	lcl|NZ_JAGGCL010000012.1_cds_WP_001161019.1_1825	30.570	193	568
WP_011669933.1	lcl|NZ_JAGGCL010000004.1_cds_WP_208838995.1_908	30.769	195	568
WP_011669933.1	lcl|NZ_JAGGCL010000018.1_cds_WP_000047473.1_2355	33.505	194	568
WP_011669933.1	lcl|NZ_JAGGCL010000007.1_cds_WP_000510777.1_1278	29.949	197	568
WP_011669933.1	lcl|NZ_JAGGCL010000006.1_cds_WP_000184524.1_1196	31.606	193	568
WP_011669933.1	lcl|NZ_JAGGCL010000037.1_cds_WP_000536762.1_3204	32.484	157	568
WP_011669933.1	lcl|NZ_JAGGCL010000046.1_cds_WP_000619175.1_3421	29.897	194	568
WP_011669933.1	lcl|NZ_JAGGCL010000017.1_cds_WP_001052498.1_2256	29.213	178	568
WP_011669933.1	lcl|NZ_JAGGCL010000022.1_cds_WP_001049205.1_2597	31.720	186	568
WP_011669933.1	lcl|NZ_JAGGCL010000022.1_cds_WP_001049205.1_2597	27.315	216	568
WP_011669933.1	lcl|NZ_JAGGCL010000002.1_cds_WP_000433117.1_541	28.108	185	568
WP_011669933.1	lcl|NZ_JAGGCL010000039.1_cds_WP_000603361.1_3258	31.481	162	568
WP_011669933.1	lcl|NZ_JAGGCL010000010.1_cds_WP_000052667.1_1585	27.638	199	568
WP_011669933.1	lcl|NZ_JAGGCL010000032.1_cds_WP_000590867.1_3025	26.804	194	568
WP_011669933.1	lcl|NZ_JAGGCL010000032.1_cds_WP_000590867.1_3025	24.176	182	568
WP_011669933.1	lcl|NZ_JAGGCL010000046.1_cds_WP_000218838.1_3420	30.455	220	568
WP_011669933.1	lcl|NZ_JAGGCL010000067.1_cds_WP_000054169.1_3710	29.897	194	568
WP_011669933.1	lcl|NZ_JAGGCL010000005.1_cds_WP_000626143.1_1026	27.570	214	568
WP_011669933.1	lcl|NZ_JAGGCL010000005.1_cds_WP_000626143.1_1026	25.381	197	568
WP_011669933.1	lcl|NZ_JAGGCL010000030.1_cds_WP_001982953.1_2946	25.907	193	568
WP_011669933.1	lcl|NZ_JAGGCL010000002.1_cds_WP_001089500.1_508	28.293	205	568
WP_011669933.1	lcl|NZ_JAGGCL010000003.1_cds_WP_000598571.1_710	26.061	165	568
WP_011669933.1	lcl|NZ_JAGGCL010000005.1_cds_WP_000136057.1_939	27.604	192	568
WP_011669933.1	lcl|NZ_JAGGCL010000047.1_cds_WP_002167151.1_3439	24.631	203	568
WP_011669933.1	lcl|NZ_JAGGCL010000050.1_cds_WP_000431145.1_3495	25.551	227	568
WP_011669933.1	lcl|NZ_JAGGCL010000056.1_cds_WP_001141158.1_3598	22.167	203	568
WP_011669935.1	lcl|NZ_JAGGCL010000004.1_cds_WP_000977950.1_826	24.704	591	587
WP_020780100.1	lcl|NZ_JAGGCL010000004.1_cds_WP_000547427.1_827	74.429	219	219
WP_011669937.1	lcl|NZ_JAGGCL010000004.1_cds_J6375_RS04105_828	54.386	285	275
WP_011669937.1	lcl|NZ_JAGGCL010000004.1_cds_J6375_RS04105_828	83.333	72	275
WP_011669937.1	lcl|NZ_JAGGCL010000002.1_cds_J6375_RS18810_370	47.297	74	275
WP_011669937.1	lcl|NZ_JAGGCL010000002.1_cds_J6375_RS18810_370	29.787	94	275
WP_011669937.1	lcl|NZ_JAGGCL010000001.1_cds_WP_000649054.1_6	36.207	58	275
WP_011669938.1	lcl|NZ_JAGGCL010000002.1_cds_WP_000351733.1_509	33.108	148	211
WP_011669938.1	lcl|NZ_JAGGCL010000004.1_cds_WP_000884059.1_785	33.898	177	211
WP_011669939.1	lcl|NZ_JAGGCL010000004.1_cds_WP_001012068.1_829	90.800	250	251
WP_011669940.1	lcl|NZ_JAGGCL010000004.1_cds_WP_000848239.1_830	97.211	251	251
WP_011669940.1	lcl|NZ_JAGGCL010000005.1_cds_WP_000721859.1_945	35.484	248	251
WP_011669941.1	lcl|NZ_JAGGCL010000004.1_cds_WP_000734409.1_831	96.199	342	342
WP_011669941.1	lcl|NZ_JAGGCL010000004.1_cds_WP_000734409.1_831	96.199	342	342
WP_011669942.1	lcl|NZ_JAGGCL010000004.1_cds_WP_001022640.1_832	77.866	253	254
WP_011669942.1	lcl|NZ_JAGGCL010000008.1_cds_WP_000400940.1_1374	28.571	224	254
WP_011669942.1	lcl|NZ_JAGGCL010000010.1_cds_WP_000050899.1_1623	28.571	217	254
WP_011669942.1	lcl|NZ_JAGGCL010000002.1_cds_WP_001084700.1_315	32.031	128	254
WP_011669401.1	lcl|NZ_JAGGCL010000021.1_cds_WP_001153087.1_2533	93.132	364	364
WP_011669401.1	lcl|NZ_JAGGCL010000059.1_cds_J6375_RS18185_3645	82.237	152	364
WP_011669401.1	lcl|NZ_JAGGCL010000059.1_cds_J6375_RS18185_3645	85.217	115	364
WP_011669401.1	lcl|NZ_JAGGCL010000059.1_cds_J6375_RS18185_3645	84.706	85	364
WP_011669401.1	lcl|NZ_JAGGCL010000033.1_cds_J6375_RS15195_3046	80.296	203	364
WP_011669401.1	lcl|NZ_JAGGCL010000033.1_cds_J6375_RS15195_3046	78.000	50	364
WP_011669401.1	lcl|NZ_JAGGCL010000012.1_cds_J6375_RS09215_1847	79.130	115	364
WP_011669401.1	lcl|NZ_JAGGCL010000005.1_cds_J6375_RS18830_993	82.609	46	364
WP_011669401.1	lcl|NZ_JAGGCL010000016.1_cds_J6375_RS11035_2214	90.909	33	364
WP_011669401.1	lcl|NZ_JAGGCL010000016.1_cds_J6375_RS11035_2214	60.870	46	364
WP_011669401.1	lcl|NZ_JAGGCL010000004.1_cds_J6375_RS03725_752	65.714	35	364
WP_011669401.1	lcl|NZ_JAGGCL010000004.1_cds_J6375_RS03725_752	76.190	21	364
WP_011669401.1	lcl|NZ_JAGGCL010000036.1_cds_WP_002164076.1_3181	24.686	239	364
WP_011669401.1	lcl|NZ_JAGGCL010000083.1_cds_WP_208839004.1_3735	34.328	67	364
WP_011669947.1	lcl|NZ_JAGGCL010000004.1_cds_WP_000661932.1_833	81.250	320	320
WP_011669947.1	lcl|NZ_JAGGCL010000048.1_cds_WP_000347681.1_3470	23.826	298	320
WP_011669947.1	lcl|NZ_JAGGCL010000012.1_cds_WP_000402845.1_1874	25.498	251	320
WP_011669947.1	lcl|NZ_JAGGCL010000008.1_cds_WP_001082180.1_1419	25.521	192	320
WP_011669947.1	lcl|NZ_JAGGCL010000024.1_cds_WP_000283287.1_2722	29.730	148	320
WP_011669947.1	lcl|NZ_JAGGCL010000004.1_cds_WP_002082140.1_824	27.027	185	320
WP_011669948.1	lcl|NZ_JAGGCL010000004.1_cds_WP_000675255.1_834	82.229	332	332
WP_011669948.1	lcl|NZ_JAGGCL010000025.1_cds_WP_001982325.1_2750	28.669	293	332
WP_011669948.1	lcl|NZ_JAGGCL010000004.1_cds_WP_000675255.1_834	82.229	332	332
WP_011669948.1	lcl|NZ_JAGGCL010000025.1_cds_WP_001982325.1_2750	28.669	293	332
WP_011669949.1	lcl|NZ_JAGGCL010000004.1_cds_WP_000045934.1_835	60.568	634	630
WP_011669950.1	lcl|NZ_JAGGCL010000004.1_cds_WP_001068986.1_840	36.400	250	301
WP_011669950.1	lcl|NZ_JAGGCL010000006.1_cds_WP_001099029.1_1184	36.275	204	301
WP_011669950.1	lcl|NZ_JAGGCL010000004.1_cds_WP_000282880.1_861	31.132	212	301
WP_011669950.1	lcl|NZ_JAGGCL010000004.1_cds_WP_000560752.1_860	35.000	120	301
WP_011669950.1	lcl|NZ_JAGGCL010000019.1_cds_WP_000868621.1_2402	27.193	114	301
WP_011669950.1	lcl|NZ_JAGGCL010000004.1_cds_WP_000579813.1_809	31.373	102	301
WP_011669950.1	lcl|NZ_JAGGCL010000015.1_cds_WP_000728671.1_2117	30.612	98	301
WP_011669952.1	lcl|NZ_JAGGCL010000041.1_cds_WP_000560473.1_3303	36.279	215	204
WP_011669952.1	lcl|NZ_JAGGCL010000002.1_cds_WP_000234667.1_514	23.415	205	204
WP_011669953.1	lcl|NZ_JAGGCL010000044.1_cds_WP_000067921.1_3390	38.095	231	254
WP_011669953.1	lcl|NZ_JAGGCL010000041.1_cds_WP_000635440.1_3304	23.944	213	254
WP_011669955.1	lcl|NZ_JAGGCL010000004.1_cds_WP_000600889.1_812	74.164	329	332
WP_011669955.1	lcl|NZ_JAGGCL010000004.1_cds_WP_000646250.1_786	30.721	319	332
WP_011669955.1	lcl|NZ_JAGGCL010000010.1_cds_WP_000649925.1_1617	30.990	313	332
WP_011669955.1	lcl|NZ_JAGGCL010000004.1_cds_WP_000723090.1_865	30.612	343	332
WP_011669955.1	lcl|NZ_JAGGCL010000008.1_cds_WP_000744700.1_1390	29.012	324	332
WP_011669955.1	lcl|NZ_JAGGCL010000063.1_cds_WP_000709511.1_3687	27.019	322	332
WP_011669955.1	lcl|NZ_JAGGCL010000026.1_cds_WP_001984071.1_2817	24.214	318	332
WP_011669955.1	lcl|NZ_JAGGCL010000004.1_cds_WP_000487322.1_837	27.429	350	332
WP_011669955.1	lcl|NZ_JAGGCL010000004.1_cds_WP_001067557.1_789	23.636	275	332
WP_011669955.1	lcl|NZ_JAGGCL010000004.1_cds_WP_000475904.1_848	27.861	201	332
WP_011669955.1	lcl|NZ_JAGGCL010000004.1_cds_WP_000410273.1_783	24.373	279	332
WP_011669955.1	lcl|NZ_JAGGCL010000026.1_cds_WP_000688695.1_2797	28.251	223	332
WP_011669955.1	lcl|NZ_JAGGCL010000004.1_cds_WP_000601375.1_839	18.836	292	332
WP_011669955.1	lcl|NZ_JAGGCL010000017.1_cds_WP_001003555.1_2235	24.419	258	332
WP_011669956.1	lcl|NZ_JAGGCL010000004.1_cds_WP_000800438.1_817	30.631	222	237
WP_011669956.1	lcl|NZ_JAGGCL010000004.1_cds_WP_000774262.1_787	27.391	230	237
WP_011669956.1	lcl|NZ_JAGGCL010000004.1_cds_WP_000859505.1_836	25.000	232	237
WP_011669956.1	lcl|NZ_JAGGCL010000004.1_cds_WP_000842260.1_866	25.405	185	237
WP_011669957.1	lcl|NZ_JAGGCL010000004.1_cds_WP_000600889.1_812	28.013	307	281
WP_011669957.1	lcl|NZ_JAGGCL010000004.1_cds_WP_000646250.1_786	28.852	305	281
WP_011669957.1	lcl|NZ_JAGGCL010000010.1_cds_WP_000649925.1_1617	27.653	311	281
WP_011669957.1	lcl|NZ_JAGGCL010000026.1_cds_WP_001984071.1_2817	26.316	304	281
WP_011669957.1	lcl|NZ_JAGGCL010000004.1_cds_WP_000723090.1_865	25.234	321	281
WP_011669957.1	lcl|NZ_JAGGCL010000008.1_cds_WP_000744700.1_1390	24.038	312	281
WP_011669957.1	lcl|NZ_JAGGCL010000004.1_cds_WP_000601375.1_839	24.648	284	281
WP_011669957.1	lcl|NZ_JAGGCL010000004.1_cds_WP_000410273.1_783	25.137	183	281
WP_011669957.1	lcl|NZ_JAGGCL010000063.1_cds_WP_000709511.1_3687	21.791	335	281
WP_011669957.1	lcl|NZ_JAGGCL010000004.1_cds_WP_000487322.1_837	23.567	314	281
WP_011669957.1	lcl|NZ_JAGGCL010000017.1_cds_WP_001003555.1_2235	25.843	178	281
WP_011669957.1	lcl|NZ_JAGGCL010000026.1_cds_WP_000688695.1_2797	26.042	192	281
WP_011669957.1	lcl|NZ_JAGGCL010000004.1_cds_WP_000475904.1_848	23.944	213	281
WP_011669958.1	lcl|NZ_JAGGCL010000004.1_cds_WP_000642158.1_864	30.476	105	298
WP_011669959.1	lcl|NZ_JAGGCL010000004.1_cds_WP_000475904.1_848	65.964	332	336
WP_011669959.1	lcl|NZ_JAGGCL010000001.1_cds_WP_000457972.1_288	34.677	248	336
WP_011669959.1	lcl|NZ_JAGGCL010000004.1_cds_WP_000646250.1_786	25.632	277	336
WP_011669959.1	lcl|NZ_JAGGCL010000004.1_cds_WP_000600889.1_812	27.706	231	336
WP_011669959.1	lcl|NZ_JAGGCL010000004.1_cds_WP_000487322.1_837	26.009	223	336
WP_011669959.1	lcl|NZ_JAGGCL010000004.1_cds_WP_001024125.1_849	26.846	149	336
WP_011669960.1	lcl|NZ_JAGGCL010000004.1_cds_WP_000734456.1_850	58.445	373	375
WP_011669961.1	lcl|NZ_JAGGCL010000004.1_cds_WP_000686571.1_851	61.224	392	408
WP_011669962.1	lcl|NZ_JAGGCL010000004.1_cds_WP_000289498.1_852	73.872	421	421
WP_011669962.1	lcl|NZ_JAGGCL010000044.1_cds_WP_000910880.1_3387	42.105	152	421
WP_011669962.1	lcl|NZ_JAGGCL010000011.1_cds_WP_000555539.1_1718	34.437	151	421
WP_307898197.1	lcl|NZ_JAGGCL010000015.1_cds_WP_229309472.1_2152	87.218	133	133
WP_307898197.1	lcl|NZ_JAGGCL010000073.1_cds_J6375_RS18585_3721	36.190	105	133
WP_307898047.1	lcl|NZ_JAGGCL010000015.1_cds_WP_042709618.1_2151	81.443	97	127
WP_307898047.1	lcl|NZ_JAGGCL010000073.1_cds_J6375_RS18590_3722	43.077	65	127
WP_011669964.1	lcl|NZ_JAGGCL010000004.1_cds_WP_000939582.1_854	89.933	447	447
WP_011669965.1	lcl|NZ_JAGGCL010000004.1_cds_WP_000050431.1_855	87.333	300	301
WP_011669966.1	lcl|NZ_JAGGCL010000004.1_cds_WP_001084675.1_856	72.603	292	293
WP_011669967.1	lcl|NZ_JAGGCL010000004.1_cds_WP_000876106.1_857	79.701	335	337
WP_002727923.1	lcl|NZ_JAGGCL010000004.1_cds_WP_000343398.1_858	89.130	138	143
WP_002727923.1	lcl|NZ_JAGGCL010000004.1_cds_WP_000799638.1_807	33.333	135	143
WP_011669968.1	lcl|NZ_JAGGCL010000004.1_cds_WP_000575178.1_859	87.052	363	363
WP_011669968.1	lcl|NZ_JAGGCL010000004.1_cds_WP_000608295.1_791	37.398	369	363
WP_011669968.1	lcl|NZ_JAGGCL010000004.1_cds_WP_001198107.1_790	33.428	353	363
WP_011669968.1	lcl|NZ_JAGGCL010000005.1_cds_WP_000538752.1_963	28.771	358	363
WP_011669968.1	lcl|NZ_JAGGCL010000004.1_cds_WP_000582222.1_801	32.895	304	363
WP_011669968.1	lcl|NZ_JAGGCL010000026.1_cds_WP_001281953.1_2783	25.272	368	363
WP_011669968.1	lcl|NZ_JAGGCL010000004.1_cds_WP_000346036.1_820	31.325	249	363
WP_011669968.1	lcl|NZ_JAGGCL010000004.1_cds_WP_000947844.1_813	29.268	246	363
WP_011669969.1	lcl|NZ_JAGGCL010000004.1_cds_WP_000560752.1_860	38.158	228	251
WP_011669969.1	lcl|NZ_JAGGCL010000006.1_cds_WP_001099029.1_1184	29.255	188	251
WP_011669969.1	lcl|NZ_JAGGCL010000004.1_cds_WP_000282880.1_861	23.723	274	251
WP_011669969.1	lcl|NZ_JAGGCL010000004.1_cds_WP_001068986.1_840	25.714	210	251
WP_011669969.1	lcl|NZ_JAGGCL010000004.1_cds_WP_000854002.1_862	26.809	235	251
WP_011669970.1	lcl|NZ_JAGGCL010000004.1_cds_WP_000282880.1_861	67.897	271	281
WP_011669970.1	lcl|NZ_JAGGCL010000004.1_cds_WP_001068986.1_840	30.742	283	281
WP_011669970.1	lcl|NZ_JAGGCL010000006.1_cds_WP_001099029.1_1184	30.526	190	281
WP_011669970.1	lcl|NZ_JAGGCL010000004.1_cds_WP_000854002.1_862	26.636	214	281
WP_011669970.1	lcl|NZ_JAGGCL010000016.1_cds_WP_000262844.1_2222	24.286	140	281
WP_011669970.1	lcl|NZ_JAGGCL010000019.1_cds_WP_000868621.1_2402	32.222	90	281
WP_011669971.1	lcl|NZ_JAGGCL010000004.1_cds_WP_000854002.1_862	58.390	584	586
WP_011669971.1	lcl|NZ_JAGGCL010000004.1_cds_WP_000282880.1_861	28.372	215	586
WP_011669971.1	lcl|NZ_JAGGCL010000004.1_cds_WP_000560752.1_860	32.900	231	586
WP_011669971.1	lcl|NZ_JAGGCL010000004.1_cds_WP_001068986.1_840	27.027	222	586
WP_011669971.1	lcl|NZ_JAGGCL010000006.1_cds_WP_001099029.1_1184	27.273	220	586
WP_011669971.1	lcl|NZ_JAGGCL010000038.1_cds_WP_000840858.1_3233	29.412	102	586
WP_011669971.1	lcl|NZ_JAGGCL010000004.1_cds_WP_000854002.1_862	58.390	584	586
WP_011669971.1	lcl|NZ_JAGGCL010000004.1_cds_WP_000282880.1_861	28.372	215	586
WP_011669971.1	lcl|NZ_JAGGCL010000004.1_cds_WP_000560752.1_860	32.900	231	586
WP_011669971.1	lcl|NZ_JAGGCL010000004.1_cds_WP_001068986.1_840	27.027	222	586
WP_011669971.1	lcl|NZ_JAGGCL010000006.1_cds_WP_001099029.1_1184	27.273	220	586
WP_011669971.1	lcl|NZ_JAGGCL010000038.1_cds_WP_000840858.1_3233	29.412	102	586
WP_002727916.1	lcl|NZ_JAGGCL010000004.1_cds_WP_001159758.1_863	89.785	186	186
WP_011669972.1	lcl|NZ_JAGGCL010000004.1_cds_WP_000642158.1_864	86.275	306	306
WP_011669973.1	lcl|NZ_JAGGCL010000004.1_cds_WP_000723090.1_865	92.560	336	349
WP_011669973.1	lcl|NZ_JAGGCL010000004.1_cds_WP_000646250.1_786	31.642	335	349
WP_011669973.1	lcl|NZ_JAGGCL010000004.1_cds_WP_000600889.1_812	29.464	336	349
WP_011669973.1	lcl|NZ_JAGGCL010000010.1_cds_WP_000649925.1_1617	27.987	318	349
WP_011669973.1	lcl|NZ_JAGGCL010000008.1_cds_WP_000744700.1_1390	26.347	334	349
WP_011669973.1	lcl|NZ_JAGGCL010000063.1_cds_WP_000709511.1_3687	25.449	334	349
WP_011669973.1	lcl|NZ_JAGGCL010000004.1_cds_WP_001067557.1_789	26.183	317	349
WP_011669973.1	lcl|NZ_JAGGCL010000004.1_cds_WP_000487322.1_837	22.849	337	349
WP_011669973.1	lcl|NZ_JAGGCL010000026.1_cds_WP_001984071.1_2817	24.340	341	349
WP_011669973.1	lcl|NZ_JAGGCL010000004.1_cds_WP_000475904.1_848	26.506	249	349
WP_011669973.1	lcl|NZ_JAGGCL010000001.1_cds_WP_000457972.1_288	29.932	147	349
WP_011669973.1	lcl|NZ_JAGGCL010000004.1_cds_WP_000410273.1_783	24.199	281	349
WP_011669973.1	lcl|NZ_JAGGCL010000004.1_cds_WP_000601375.1_839	25.292	257	349
WP_011669973.1	lcl|NZ_JAGGCL010000026.1_cds_WP_000688695.1_2797	24.390	246	349
WP_011669974.1	lcl|NZ_JAGGCL010000004.1_cds_WP_000842260.1_866	97.279	294	294
WP_011669974.1	lcl|NZ_JAGGCL010000004.1_cds_WP_000800438.1_817	30.939	181	294
WP_011669974.1	lcl|NZ_JAGGCL010000004.1_cds_WP_000774262.1_787	26.455	189	294
WP_011669975.1	lcl|NZ_JAGGCL010000004.1_cds_WP_000878673.1_867	86.111	324	324
WP_011669975.1	lcl|NZ_JAGGCL010000004.1_cds_WP_000394235.1_869	24.370	238	324
WP_011669976.1	lcl|NZ_JAGGCL010000004.1_cds_WP_001114267.1_868	89.109	303	303
WP_011669977.1	lcl|NZ_JAGGCL010000004.1_cds_WP_000394235.1_869	85.461	282	282
WP_011669977.1	lcl|NZ_JAGGCL010000004.1_cds_WP_000878673.1_867	26.344	186	282
WP_011669978.1	lcl|NZ_JAGGCL010000004.1_cds_WP_000827971.1_870	85.313	463	464
